+--------+---------------------+------------------+
|     ID |   Number of Ratings |   Average Rating |
|--------+---------------------+------------------|
|  11676 |               11144 |        4.58265   |
| 198711 |                6456 |        0.019052  |
| 153662 |                5814 |        2.74871   |
|  98391 |                5779 |        8.72729   |
|  35859 |                5646 |        1.04162   |
| 212898 |                4290 |        0.0034965 |
| 278418 |                3996 |        0.16041   |
|  76352 |                3329 |        0.146891  |
| 110973 |                2971 |        0.812858  |
| 235105 |                2943 |        2.77506   |
+--------+---------------------+------------------+